function [h] = hessn(in)
% x = in(1);
% y = in(2); 
% pxx = 1200*x^2-400*y+2;
% pyy = 200;
% pyx = -400*x;
% pxy = -400*x; 
% h = ([pxx, pxy; pyx, pyy]); 
% syms x1 x2 x3 x4
% f = 100*(x2-x1^2)^2+(x1-1)^2+...
%     100*(x3-x2^2)^2+(x2-1)^2+ ...
%     100*(x4-x3^2)^2+(x3-1)^2; 
% h = hessian(f); 
x1 = in(1); x2 = in(2); x3 = in(3); x4 = in(4); 

h1 = [1200*x1^2-400*x2+2, -400*x1, 0,0]
h2 = [-400*x1, 1200*x2^2-400*x3+202, -400*x2, 0]
h3 = [0, -400*x2, 1200*x3^2-400*x4+202, -400*x3]
h4 = [0,0,-400*x3, 200]
h = [h1;h2;h3;h4]; 

end 
